mesh = {
	bounds = {
		xzRadius = 0.12706481
		height = 0.066856
	}
	vertexCount = 36
	polyCount = 56
	indices = 0;1;2;0;2;3;0;3;4;0;4;1;2;1;5;3;2;6;4;3;6;1;4;7;2;5;6;4;6;7;5;1;8;6;5;8;7;6;8;1;7;8;9;10;11;9;11;12;9;12;13;9;13;10;11;10;14;12;11;15;13;12;15;10;13;16;11;14;15;13;15;16;14;10;17;15;14;17;16;15;17;10;16;17;18;19;20;18;20;21;18;21;22;18;22;19;20;19;23;21;20;24;22;21;24;19;22;25;20;23;24;22;24;25;23;19;26;24;23;26;25;24;26;19;25;26;27;28;29;27;29;30;27;30;31;27;31;28;29;28;32;30;29;33;31;30;33;28;31;34;29;32;33;31;33;34;32;28;35;33;32;35;34;33;35;28;34;35
	sections = [
		{
			id = Strawberry_seeds
			colour = 1.0;0.839984;0.202877
			materialFactor = 0.0
			specularFactor = 0.5
			shinyness = 7.8125
			flexibility = 0.0
			vertices = 0.037760973;0.033892;0.001413;0.2828;-0.2171;0.9343;0.0035800934;0.040136;0.001621;-0.734;0.0896;0.6732;0.037585974;0.003548;-0.015286;0.2649;-0.9496;0.1676;0.06332588;0.033322;-0.021947;0.9831;-0.1676;-0.0742;0.049088;0.066133;-0.004225;0.5051;0.7456;0.4348;0.002986908;0.013003;-0.032804;-0.6879;-0.6195;-0.3781;0.041079998;0.041838;-0.047;0.3538;0.1365;-0.9253;0.02308011;0.066168;-0.019295;-0.3218;0.9403;-0.1105;0.013087034;0.045838;-0.040528;-0.5814;0.3934;-0.7122;-0.045808792;0.038695;-0.033935;0.1165;0.0871;0.9894;-0.022644043;0.04965;-0.046637;0.8516;0.4262;0.3053;-0.06469202;0.058841;-0.041024;-0.5955;0.6626;0.4542;-0.07026482;0.026477;-0.042018;-0.8349;-0.3972;0.381;-0.041326046;0.011112;-0.039575;0.1467;-0.8534;0.5002;-0.04669094;0.066856;-0.067315;0.0127;0.8684;-0.4957;-0.06292677;0.029238;-0.069371;-0.6521;-0.3398;-0.6777;-0.023324013;0.019127;-0.065866;0.7051;-0.5458;-0.4527;-0.04201889;0.039303;-0.074998;0.2113;0.0738;-0.9746;-0.04199314;0.059812;0.037693;-0.1033;0.9239;0.3683;-0.072690964;0.043708;0.040079;-0.9388;0.2267;0.2593;-0.024775982;0.042215;0.062056;0.4608;0.1787;0.8693;-0.010175228;0.052254;0.026287;0.9089;0.4056;-0.0969;-0.040691853;0.063851;0.003319;-0.0155;0.7014;-0.7126;-0.049083233;0.010938;0.057121;-0.2037;-0.7301;0.6523;-0.020538807;0.020495;0.017397;0.6576;-0.6093;-0.4431;-0.055791855;0.037976;0.005772;-0.5305;-0.1585;-0.8327;-0.048085213;0.012631;0.021964;-0.3019;-0.8621;-0.4069;0.035305977;0.042133;-0.08582;0.1713;0.5009;0.8484;0.0070519447;0.041428;-0.090208;-0.8088;0.3439;0.477;0.039453983;0.014702;-0.079257;0.3294;-0.5449;0.7711;0.058738947;0.032583;-0.098951;0.9954;-0.0114;0.0947;0.042583942;0.060123;-0.106702;0.4288;0.8978;-0.1007;0.012614012;0.006291;-0.096238;-0.5666;-0.8167;0.1093;0.042849064;0.021188;-0.119622;0.4874;-0.4759;-0.7321;0.01574397;0.051712;-0.123683;-0.4739;0.5291;-0.7039;0.01908493;0.023348;-0.118758;-0.5132;-0.4177;-0.7498
		}
	]
}
